TEMP(FAHR)	58.00000		
PRESSURE (PSI)     Z (PV/RT) VISCOSITY (CP)	Ph
10.00000	0.99624	0.01460	V
20.00000	0.99241	0.01460	V
30.00000	0.98857	0.01460	V
40.00000	0.98484	0.01460	V
50.00000	0.98099	0.01460	V
60.00000	0.97709	0.01460	V
70.00000	0.97305	0.01460	V
80.00000	0.96916	0.01460	V
90.00000	0.96519	0.01460	V
100.00000	0.96116	0.01460	V
110.00000	0.95711	0.01460	V
120.00000	0.95319	0.01460	V
130.00000	0.94899	0.01460	V
140.00000	0.94494	0.01461	V
150.00000	0.94068	0.01462	V
160.00000	0.93657	0.01463	V
170.00000	0.93240	0.01464	V
180.00000	0.92819	0.01466	V
190.00000	0.92377	0.01467	V
200.00000	0.91952	0.01468	V
210.00000	0.91525	0.01470	V
220.00000	0.91084	0.01471	V
230.00000	0.90645	0.01473	V
240.00000	0.90208	0.01474	V
250.00000	0.89761	0.01476	V
260.00000	0.89306	0.01478	V
270.00000	0.88845	0.01479	V
280.00000	0.88379	0.01481	V
290.00000	0.87910	0.01483	V
300.00000	0.87458	0.01485	V
310.00000	0.86984	0.01488	V
320.00000	0.86508	0.01490	V
330.00000	0.86016	0.01492	V
340.00000	0.85526	0.01495	V
350.00000	0.85038	0.01497	V
360.00000	0.84537	0.01500	V
370.00000	0.84040	0.01503	V
380.00000	0.83533	0.01506	V
390.00000	0.83018	0.01509	V
400.00000	0.82496	0.01512	V
410.00000	0.81981	0.01515	V
420.00000	0.81437	0.01518	V
430.00000	0.80903	0.01522	V
440.00000	0.80359	0.01525	V
450.00000	0.79807	0.01529	V
460.00000	0.79249	0.01533	V
470.00000	0.78682	0.01537	V
480.00000	0.78108	0.01541	V
490.00000	0.77526	0.01546	V
500.00000	0.76935	0.01550	V
510.00000	0.76336	0.01555	V
520.00000	0.75727	0.01560	V
530.00000	0.75108	0.01565	V
540.00000	0.74478	0.01570	V
550.00000	0.73838	0.01576	V
560.00000	0.73186	0.01582	V
570.00000	0.72522	0.01588	V
580.00000	0.71845	0.01594	V
590.00000	0.71154	0.01601	V
600.00000	0.70448	0.01608	V
610.00000	0.69727	0.01615	V
620.00000	0.68988	0.01623	V
630.00000	0.68232	0.01631	V
640.00000	0.67455	0.01639	V
650.00000	0.66657	0.01648	V
660.00000	0.65836	0.01658	V
670.00000	0.64989	0.01668	V
680.00000	0.64113	0.01679	V
690.00000	0.63206	0.01690	V
700.00000	0.62262	0.01702	V
710.00000	0.61279	0.01715	V
720.00000	0.60248	0.01729	V
730.00000	0.11142	0.07895	L
740.00000	0.11277	0.07921	L
750.00000	0.11412	0.07947	L
760.00000	0.11547	0.07973	L
770.00000	0.11682	0.07998	L
780.00000	0.11817	0.08023	L
790.00000	0.11951	0.08048	L
800.00000	0.12086	0.08073	L
810.00000	0.12220	0.08097	L
820.00000	0.12354	0.08121	L
830.00000	0.12489	0.08144	L
840.00000	0.12623	0.08168	L
850.00000	0.12756	0.08191	L
860.00000	0.12890	0.08214	L
870.00000	0.13024	0.08236	L
880.00000	0.13157	0.08259	L
890.00000	0.13291	0.08281	L
900.00000	0.13424	0.08303	L
910.00000	0.13557	0.08325	L
920.00000	0.13690	0.08346	L
930.00000	0.13823	0.08368	L
940.00000	0.13956	0.08389	L
950.00000	0.14089	0.08410	L
960.00000	0.14222	0.08431	L
970.00000	0.14354	0.08451	L
980.00000	0.14487	0.08472	L
990.00000	0.14619	0.08492	L
1000.00000	0.14751	0.08512	L
1010.00000	0.14883	0.08533	L
1020.00000	0.15015	0.08552	L
1030.00000	0.15147	0.08572	L
1040.00000	0.15279	0.08592	L
1050.00000	0.15410	0.08611	L
1060.00000	0.15542	0.08630	L
1070.00000	0.15673	0.08650	L
1080.00000	0.15804	0.08669	L
1090.00000	0.15936	0.08688	L
1100.00000	0.16067	0.08706	L
1110.00000	0.16198	0.08725	L
1120.00000	0.16328	0.08744	L
1130.00000	0.16459	0.08762	L
1140.00000	0.16590	0.08780	L
1150.00000	0.16720	0.08798	L
1160.00000	0.16851	0.08816	L
1170.00000	0.16981	0.08834	L
1180.00000	0.17111	0.08852	L
1190.00000	0.17242	0.08870	L
1200.00000	0.17372	0.08888	L
1210.00000	0.17502	0.08905	L
1220.00000	0.17631	0.08923	L
1230.00000	0.17761	0.08940	L
1240.00000	0.17891	0.08957	L
1250.00000	0.18020	0.08974	L
1260.00000	0.18150	0.08991	L
1270.00000	0.18279	0.09008	L
1280.00000	0.18408	0.09025	L
1290.00000	0.18538	0.09042	L
1300.00000	0.18667	0.09059	L
1310.00000	0.18796	0.09075	L
1320.00000	0.18924	0.09092	L
1330.00000	0.19053	0.09108	L
1340.00000	0.19182	0.09125	L
1350.00000	0.19311	0.09141	L
1360.00000	0.19439	0.09157	L
1370.00000	0.19567	0.09173	L
1380.00000	0.19696	0.09189	L
1390.00000	0.19824	0.09205	L
1400.00000	0.19952	0.09221	L
1410.00000	0.20080	0.09237	L
1420.00000	0.20208	0.09253	L
1430.00000	0.20336	0.09269	L
1440.00000	0.20464	0.09284	L
1450.00000	0.20592	0.09300	L
1460.00000	0.20719	0.09315	L
1470.00000	0.20847	0.09331	L
1480.00000	0.20974	0.09346	L
1490.00000	0.21102	0.09361	L
1500.00000	0.21229	0.09376	L
1510.00000	0.21356	0.09392	L
1520.00000	0.21483	0.09407	L
1530.00000	0.21610	0.09422	L
1540.00000	0.21737	0.09437	L
1550.00000	0.21864	0.09452	L
1560.00000	0.21991	0.09467	L
1570.00000	0.22118	0.09481	L
1580.00000	0.22244	0.09496	L
1590.00000	0.22371	0.09511	L
1600.00000	0.22497	0.09525	L
1610.00000	0.22624	0.09540	L
1620.00000	0.22750	0.09554	L
1630.00000	0.22876	0.09569	L
1640.00000	0.23002	0.09583	L
1650.00000	0.23129	0.09598	L
1660.00000	0.23255	0.09612	L
1670.00000	0.23380	0.09626	L
1680.00000	0.23506	0.09640	L
1690.00000	0.23632	0.09655	L
1700.00000	0.23758	0.09669	L
1710.00000	0.23883	0.09683	L
1720.00000	0.24009	0.09697	L
1730.00000	0.24134	0.09711	L
1740.00000	0.24260	0.09725	L
1750.00000	0.24385	0.09739	L
1760.00000	0.24510	0.09752	L
1770.00000	0.24636	0.09766	L
1780.00000	0.24761	0.09780	L
1790.00000	0.24886	0.09794	L
1800.00000	0.25011	0.09807	L
1810.00000	0.25136	0.09821	L
1820.00000	0.25260	0.09834	L
1830.00000	0.25385	0.09848	L
1840.00000	0.25510	0.09861	L
1850.00000	0.25635	0.09875	L
1860.00000	0.25759	0.09888	L
1870.00000	0.25884	0.09902	L
1880.00000	0.26008	0.09915	L
1890.00000	0.26132	0.09928	L
1900.00000	0.26257	0.09941	L
1910.00000	0.26381	0.09954	L
1920.00000	0.26505	0.09968	L
1930.00000	0.26629	0.09981	L
1940.00000	0.26753	0.09994	L
1950.00000	0.26877	0.10007	L
1960.00000	0.27001	0.10020	L
1970.00000	0.27125	0.10033	L
1980.00000	0.27248	0.10046	L
1990.00000	0.27372	0.10059	L
2000.00000	0.27496	0.10071	L
2010.00000	0.27619	0.10084	L
2020.00000	0.27743	0.10097	L
2030.00000	0.27866	0.10110	L
2040.00000	0.27990	0.10123	L
2050.00000	0.28113	0.10135	L
2060.00000	0.28236	0.10148	L
2070.00000	0.28359	0.10160	L
2080.00000	0.28482	0.10173	L
2090.00000	0.28605	0.10186	L
2100.00000	0.28728	0.10198	L
2110.00000	0.28851	0.10211	L
2120.00000	0.28974	0.10223	L
2130.00000	0.29097	0.10235	L
2140.00000	0.29220	0.10248	L
2150.00000	0.29342	0.10260	L
2160.00000	0.29465	0.10272	L
2170.00000	0.29588	0.10285	L
2180.00000	0.29710	0.10297	L
2190.00000	0.29832	0.10309	L
2200.00000	0.29955	0.10321	L
2210.00000	0.30077	0.10334	L
2220.00000	0.30199	0.10346	L
2230.00000	0.30322	0.10358	L
2240.00000	0.30444	0.10370	L
2250.00000	0.30566	0.10382	L
2260.00000	0.30688	0.10394	L
2270.00000	0.30810	0.10406	L
2280.00000	0.30932	0.10418	L
2290.00000	0.31054	0.10430	L
2300.00000	0.31175	0.10442	L
2310.00000	0.31297	0.10454	L
2320.00000	0.31419	0.10466	L
2330.00000	0.31540	0.10477	L
2340.00000	0.31662	0.10489	L
2350.00000	0.31784	0.10501	L
2360.00000	0.31905	0.10513	L
2370.00000	0.32026	0.10525	L
2380.00000	0.32148	0.10536	L
2390.00000	0.32269	0.10548	L
2400.00000	0.32390	0.10560	L
2410.00000	0.32511	0.10571	L
2420.00000	0.32633	0.10583	L
2430.00000	0.32754	0.10594	L
2440.00000	0.32875	0.10606	L
2450.00000	0.32996	0.10618	L
2460.00000	0.33117	0.10629	L
2470.00000	0.33237	0.10640	L
2480.00000	0.33358	0.10652	L
2490.00000	0.33479	0.10663	L
2500.00000	0.33600	0.10675	L
2510.00000	0.33720	0.10686	L
2520.00000	0.33841	0.10698	L
2530.00000	0.33962	0.10709	L
2540.00000	0.34082	0.10720	L
2550.00000	0.34203	0.10732	L
2560.00000	0.34323	0.10743	L
2570.00000	0.34443	0.10754	L
2580.00000	0.34564	0.10765	L
2590.00000	0.34684	0.10776	L
2600.00000	0.34804	0.10788	L
2610.00000	0.34924	0.10799	L
2620.00000	0.35044	0.10810	L
2630.00000	0.35164	0.10821	L
2640.00000	0.35284	0.10832	L
2650.00000	0.35404	0.10843	L
2660.00000	0.35524	0.10854	L
2670.00000	0.35644	0.10865	L
2680.00000	0.35764	0.10876	L
2690.00000	0.35884	0.10887	L
2700.00000	0.36003	0.10898	L
2710.00000	0.36123	0.10909	L
2720.00000	0.36243	0.10920	L
2730.00000	0.36362	0.10931	L
2740.00000	0.36482	0.10942	L
2750.00000	0.36601	0.10953	L
2760.00000	0.36720	0.10964	L
2770.00000	0.36840	0.10975	L
2780.00000	0.36959	0.10985	L
2790.00000	0.37078	0.10996	L
2800.00000	0.37198	0.11007	L
2810.00000	0.37317	0.11018	L
2820.00000	0.37436	0.11029	L
2830.00000	0.37555	0.11039	L
2840.00000	0.37674	0.11050	L
2850.00000	0.37793	0.11061	L
2860.00000	0.37912	0.11071	L
2870.00000	0.38031	0.11082	L
2880.00000	0.38150	0.11093	L
2890.00000	0.38269	0.11103	L
2900.00000	0.38387	0.11114	L
2910.00000	0.38506	0.11124	L
2920.00000	0.38625	0.11135	L
2930.00000	0.38743	0.11146	L
2940.00000	0.38862	0.11156	L
2950.00000	0.38980	0.11167	L
2960.00000	0.39099	0.11177	L
2970.00000	0.39217	0.11188	L
2980.00000	0.39336	0.11198	L
2990.00000	0.39454	0.11208	L
END PVT
